[gd_scene load_steps=9 format=2]

[ext_resource path="res://SpatialRevolution.gd" type="Script" id=1]
[ext_resource path="res://CameraOrbital.gd" type="Script" id=2]
[ext_resource path="res://Viewport.gd" type="Script" id=3]

[sub_resource type="SphereMesh" id=1]
height = 1.5
radial_segments = 20
rings = 10

[sub_resource type="CubeMesh" id=2]

[sub_resource type="QuadMesh" id=3]

[sub_resource type="QuadMesh" id=4]

[sub_resource type="ViewportTexture" id=5]
viewport_path = NodePath("Viewport")

[node name="Scene" type="Spatial"]

[node name="DirectionalLight" type="DirectionalLight" parent="."]
transform = Transform( 0.877824, 0.223463, -0.423663, -0.100044, 0.950533, 0.294072, 0.46842, -0.215759, 0.856756, -6.6103, 5.55059, 14.6313 )
shadow_enabled = true
directional_shadow_mode = 0
directional_shadow_depth_range = 1
script = ExtResource( 1 )

[node name="Camera" type="Camera" parent="."]
transform = Transform( -0.92444, -0.157134, 0.347448, 0, 0.911152, 0.412071, -0.381328, 0.380935, -0.842305, 3.31134, 3.66213, -5.01129 )
near = 1.0
far = 30.0
script = ExtResource( 2 )

[node name="Sphere" type="MeshInstance" parent="."]
transform = Transform( 1, 0, 0, 0, 1, 0, 0, 0, 1, 0, 2, 1.5 )
mesh = SubResource( 1 )
material/0 = null

[node name="Sphere2" type="MeshInstance" parent="."]
transform = Transform( 1, 0, 0, 0, 1, 0, 0, 0, 1, 2, 0, -1 )
mesh = SubResource( 1 )
material/0 = null

[node name="Sphere3" type="MeshInstance" parent="."]
transform = Transform( 1, 0, 0, 0, 1, 0, 0, 0, 1, -2, 0, -1 )
mesh = SubResource( 1 )
material/0 = null

[node name="Cube" type="MeshInstance" parent="."]
transform = Transform( 0.1, 0, 0, 0, 2.59808, 0.05, 0, -1.5, 0.0866025, 3, 2, 3 )
mesh = SubResource( 2 )
material/0 = null

[node name="Cube5" type="MeshInstance" parent="."]
transform = Transform( 0.1, 0, 0, 0, 2.59808, -0.05, 0, 1.5, 0.0866025, 3, 2, -3 )
mesh = SubResource( 2 )
material/0 = null

[node name="Cube2" type="MeshInstance" parent="."]
transform = Transform( 0.1, 0, 0, 0, 2.59808, 0.05, 0, -1.5, 0.0866025, 1, 2, 3 )
mesh = SubResource( 2 )
material/0 = null

[node name="Cube6" type="MeshInstance" parent="."]
transform = Transform( 0.1, 0, 0, 0, 2.59808, -0.05, 0, 1.5, 0.0866025, 1, 2, -3 )
mesh = SubResource( 2 )
material/0 = null

[node name="Cube3" type="MeshInstance" parent="."]
transform = Transform( 0.1, 0, 0, 0, 2.59808, 0.05, 0, -1.5, 0.0866025, -1, 2, 3 )
mesh = SubResource( 2 )
material/0 = null

[node name="Cube7" type="MeshInstance" parent="."]
transform = Transform( 0.1, 0, 0, 0, 2.59808, -0.05, 0, 1.5, 0.0866025, -1, 2, -3 )
mesh = SubResource( 2 )
material/0 = null

[node name="Cube4" type="MeshInstance" parent="."]
transform = Transform( 0.1, 0, 0, 0, 2.59808, 0.05, 0, -1.5, 0.0866025, -3, 2, 3 )
mesh = SubResource( 2 )
material/0 = null

[node name="Cube8" type="MeshInstance" parent="."]
transform = Transform( 0.1, 0, 0, 0, 2.59808, -0.05, 0, 1.5, 0.0866025, -3, 2, -3 )
mesh = SubResource( 2 )
material/0 = null

[node name="Ground" type="MeshInstance" parent="."]
transform = Transform( 10, 0, 0, 0, -4.37114e-07, 1, 0, -10, -4.37114e-08, 0, 0, 0 )
mesh = SubResource( 3 )
material/0 = null

[node name="Viewport" type="Viewport" parent="."]
size = Vector2( 1024, 1024 )
own_world = true
hdr = false
keep_3d_linear = true
usage = 3
render_target_clear_mode = 1
script = ExtResource( 3 )

[node name="CameraOrthogonalLightView" type="Camera" parent="Viewport"]
transform = Transform( 0.877825, 0.223463, -0.42366, -0.100044, 0.950532, 0.294075, 0.468418, -0.215762, 0.856756, -6.61058, 5.5507, 14.6313 )
projection = 1
current = true
size = 12.0
near = 10.0
far = 30.0
script = ExtResource( 1 )

[node name="CanvasLayer" type="CanvasLayer" parent="."]

[node name="ShadowMap" type="MeshInstance2D" parent="CanvasLayer"]
visible = false
position = Vector2( 875, 500 )
scale = Vector2( 300, 200 )
mesh = SubResource( 4 )
texture = SubResource( 5 )
